4
3
8
-0.39040854751405 -0.39040854751405 -0.39040854751405 -0.39040854751405 -0.39040854751405 -0.39040854751405 -0.39040854751405 -0.39040854751405 
-0.22229168752628936 -0.22229168752628936 -0.22229168752628936 -0.22229168752628936 -0.22229168752628936 -0.22229168752628936 -0.22229168752628936 -0.22229168752628936 
-0.40346391926078345 -0.40346391926078345 -0.40346391926078345 -0.40346391926078345 -0.40346391926078345 -0.40346391926078345 -0.40346391926078345 -0.40346391926078345 
0.5398806682583079 0.5398806682583079 0.5398806682583079 0.5398806682583079 0.5398806682583079 0.5398806682583079 0.5398806682583079 0.5398806682583079 
0.8818781173901258 0.8818781173901258 0.8818781173901258 0.8818781173901258 0.8818781173901258 0.8818781173901258 0.8818781173901258 0.8818781173901258 
sigmoid
8
2.6593052154106602 2.6593052154106602 2.6593052154106602 2.6593052154106602 2.6593052154106602 2.6593052154106602 2.6593052154106602 2.6593052154106602 
-0.8415466158035502 -0.8415466158035502 -0.8415466158035502 -0.8415466158035502 -0.8415466158035502 -0.8415466158035502 -0.8415466158035502 -0.8415466158035502 
-0.8415466158035502 -0.8415466158035502 -0.8415466158035502 -0.8415466158035502 -0.8415466158035502 -0.8415466158035502 -0.8415466158035502 -0.8415466158035502 
-0.8415466158035502 -0.8415466158035502 -0.8415466158035502 -0.8415466158035502 -0.8415466158035502 -0.8415466158035502 -0.8415466158035502 -0.8415466158035502 
-0.8415466158035502 -0.8415466158035502 -0.8415466158035502 -0.8415466158035502 -0.8415466158035502 -0.8415466158035502 -0.8415466158035502 -0.8415466158035502 
-0.8415466158035502 -0.8415466158035502 -0.8415466158035502 -0.8415466158035502 -0.8415466158035502 -0.8415466158035502 -0.8415466158035502 -0.8415466158035502 
-0.8415466158035502 -0.8415466158035502 -0.8415466158035502 -0.8415466158035502 -0.8415466158035502 -0.8415466158035502 -0.8415466158035502 -0.8415466158035502 
-0.8415466158035502 -0.8415466158035502 -0.8415466158035502 -0.8415466158035502 -0.8415466158035502 -0.8415466158035502 -0.8415466158035502 -0.8415466158035502 
-0.8415466158035502 -0.8415466158035502 -0.8415466158035502 -0.8415466158035502 -0.8415466158035502 -0.8415466158035502 -0.8415466158035502 -0.8415466158035502 
sigmoid
3
-7.786464574867432 -0.07229115425918854 4.540152801331438 
1.7634727952771434 -0.20617594384039575 -5.8396608832362435 
1.7634727952771434 -0.20617594384039575 -5.8396608832362435 
1.7634727952771434 -0.20617594384039575 -5.8396608832362435 
1.7634727952771434 -0.20617594384039575 -5.8396608832362435 
1.7634727952771434 -0.20617594384039575 -5.8396608832362435 
1.7634727952771434 -0.20617594384039575 -5.8396608832362435 
1.7634727952771434 -0.20617594384039575 -5.8396608832362435 
1.7634727952771434 -0.20617594384039575 -5.8396608832362435 
sigmoid
