4
3
8
-0.8749173173262872 -0.8749173173262872 -0.8749173173262872 -0.8749173173262872 -0.8749173173262872 -0.8749173173262872 -0.8749173173262872 -0.8749173173262872 
-0.46237354790800217 -0.46237354790800217 -0.46237354790800217 -0.46237354790800217 -0.46237354790800217 -0.46237354790800217 -0.46237354790800217 -0.46237354790800217 
-1.5163022757954978 -1.5163022757954978 -1.5163022757954978 -1.5163022757954978 -1.5163022757954978 -1.5163022757954978 -1.5163022757954978 -1.5163022757954978 
1.097012655877794 1.097012655877794 1.097012655877794 1.097012655877794 1.097012655877794 1.097012655877794 1.097012655877794 1.097012655877794 
2.3496128488459243 2.3496128488459243 2.3496128488459243 2.3496128488459243 2.3496128488459243 2.3496128488459243 2.3496128488459243 2.3496128488459243 
sigmoid
8
1.446551805291138 1.446551805291138 1.446551805291138 1.446551805291138 1.446551805291138 1.446551805291138 1.446551805291138 1.446551805291138 
-0.6047731404401688 -0.6047731404401688 -0.6047731404401688 -0.6047731404401688 -0.6047731404401688 -0.6047731404401688 -0.6047731404401688 -0.6047731404401688 
-0.6047731404401688 -0.6047731404401688 -0.6047731404401688 -0.6047731404401688 -0.6047731404401688 -0.6047731404401688 -0.6047731404401688 -0.6047731404401688 
-0.6047731404401688 -0.6047731404401688 -0.6047731404401688 -0.6047731404401688 -0.6047731404401688 -0.6047731404401688 -0.6047731404401688 -0.6047731404401688 
-0.6047731404401688 -0.6047731404401688 -0.6047731404401688 -0.6047731404401688 -0.6047731404401688 -0.6047731404401688 -0.6047731404401688 -0.6047731404401688 
-0.6047731404401688 -0.6047731404401688 -0.6047731404401688 -0.6047731404401688 -0.6047731404401688 -0.6047731404401688 -0.6047731404401688 -0.6047731404401688 
-0.6047731404401688 -0.6047731404401688 -0.6047731404401688 -0.6047731404401688 -0.6047731404401688 -0.6047731404401688 -0.6047731404401688 -0.6047731404401688 
-0.6047731404401688 -0.6047731404401688 -0.6047731404401688 -0.6047731404401688 -0.6047731404401688 -0.6047731404401688 -0.6047731404401688 -0.6047731404401688 
-0.6047731404401688 -0.6047731404401688 -0.6047731404401688 -0.6047731404401688 -0.6047731404401688 -0.6047731404401688 -0.6047731404401688 -0.6047731404401688 
sigmoid
3
-18.293053354465894 5.186184585329074 13.10686876913907 
5.866567229887827 1.474580810703711 -7.3411480405903005 
5.866567229887827 1.474580810703711 -7.3411480405903005 
5.866567229887827 1.474580810703711 -7.3411480405903005 
5.866567229887827 1.474580810703711 -7.3411480405903005 
5.866567229887827 1.474580810703711 -7.3411480405903005 
5.866567229887827 1.474580810703711 -7.3411480405903005 
5.866567229887827 1.474580810703711 -7.3411480405903005 
5.866567229887827 1.474580810703711 -7.3411480405903005 
softmax
